[CALIB]
calib_folder = calib_folder/
square_size_mm = 52
cam_ids = [321, 750, 313, 722, 721, 718]

[PSMNet]
images_folder_path = images/
PSMNet_folder_path = ../PSMNet/
maxdisp = 192
size0 = 1024
vertical = 1

[SfM]
321 = [0.972868681, -0.03679851443, 0.237313956, 0.06594781578, 0.9929623008, -0.1171308979, -0.231894061, 0.1289077103, 0.965182662, -0.5102413893, 0.05826916173, 0.3923685849]
750 = [0.9697110057, -0.06952331215, 0.2364053726, 0.07174431533, 0.998128593, -0.001689008204, -0.2351653427, 0.01870336384, 0.9721732736, -0.4640060663, -0.4154140651, 0.2702212036]
313 = [0.7980607748, 0.04550473392, -0.6022703052, -0.1250942945, 0.9885979295, -0.09115540236, 0.5907104611, 0.1481210291, 0.7941356897, 1.143342257, -0.0589228943, 0.7862206101]
722 = [0.7980866432, -0.09108936042, -0.5975770354, 0.07109033316, 0.9967601895, -0.05708926171, 0.5996717811, 0.003117783694, 0.8006079197, 1.174362779, -0.07211180776, 0.7463395596]
721 = [0.05778155848, 0.1951105893, -0.9793094397, -0.2640917301, 0.9492092729, 0.1738090217, 0.9633760452, 0.2483492792, 0.1066424027, 1.974430919, -0.6917473078, 2.270322084]
718 = [0.04197912291, 0.1335226893, -0.9908480048, -0.1541230977, 0.9807997942, 0.1270171106, 0.9886202812, 0.1468041241, 0.06225627661, 1.907003522, -0.587002039, 2.299826384]

[3D]
output_path = respc.ply